7.674269e-02    6.854662e-02    2.971368e-04
1.534854e-01    2.021242e-01    7.710257e-04
2.302281e-01    3.358994e-01    1.208634e-03
3.069708e-01    4.488627e-01    1.556825e-03
3.837134e-01    5.534796e-01    1.733576e-03
4.604561e-01    6.298767e-01    1.739994e-03
5.371988e-01    6.914752e-01    1.683259e-03
6.139415e-01    7.346593e-01    1.513375e-03
6.906842e-01    7.620456e-01    1.401000e-03
7.674269e-01    7.809930e-01    1.273998e-03
8.441696e-01    7.621519e-01    1.133658e-03
9.209123e-01    7.589765e-01    1.145694e-03
9.976550e-01    7.368942e-01    1.095588e-03
1.074398e+00    6.930039e-01    1.141676e-03
1.151140e+00    6.330722e-01    1.143738e-03
1.227883e+00    5.938770e-01    1.249583e-03
1.304626e+00    5.446081e-01    1.255024e-03
1.381368e+00    4.838056e-01    1.240200e-03
1.458111e+00    4.432065e-01    1.281684e-03
1.534854e+00    3.851676e-01    1.275906e-03
1.611596e+00    3.285209e-01    1.191307e-03
1.688339e+00    2.889724e-01    1.137752e-03
1.765082e+00    2.270148e-01    1.035176e-03
1.841825e+00    1.919016e-01    9.582068e-04
1.918567e+00    1.626245e-01    9.200650e-04
1.995310e+00    1.243917e-01    8.034600e-04
2.072053e+00    1.014541e-01    7.371672e-04
2.148795e+00    7.779790e-02    6.433877e-04
2.225538e+00    6.399334e-02    5.735239e-04
2.302281e+00    4.721310e-02    4.519150e-04
2.379023e+00    3.581129e-02    4.297552e-04
2.455766e+00    3.205132e-02    4.150514e-04
2.532509e+00    2.041573e-02    3.120172e-04
2.609251e+00    1.649800e-02    2.750800e-04
2.685994e+00    1.291476e-02    2.578662e-04
2.762737e+00    9.310773e-03    2.095651e-04
2.839479e+00    6.961479e-03    1.741128e-04
2.916222e+00    5.396405e-03    1.627987e-04
2.992965e+00    5.957464e-03    2.140925e-04
3.069708e+00    4.379230e-03    1.652654e-04
3.146450e+00    2.776619e-03    1.110887e-04
3.223193e+00    2.271813e-03    9.955599e-05
3.299936e+00    3.113641e-03    1.451540e-04
3.376678e+00    2.579662e-03    1.391587e-04
3.453421e+00    2.263585e-03    1.547858e-04
3.530164e+00    2.179501e-03    1.741264e-04
3.606906e+00    3.709450e-04    3.291176e-05
3.683649e+00    2.487235e-03    2.394688e-04
3.760392e+00    1.506779e-04    1.846774e-05
3.837134e+00    1.408654e-03    2.107744e-04
3.913877e+00    1.680503e-03    1.931016e-04
3.990620e+00    7.428459e-04    1.518714e-04
4.067363e+00    3.755941e-04    5.392418e-05
4.144105e+00    1.839985e-05    4.831013e-06
4.220848e+00    2.985249e-04    8.809478e-05
4.297591e+00    9.413352e-04    1.885107e-04
4.374333e+00    6.417693e-05    1.550794e-05
4.451076e+00    4.061791e-05    1.919414e-05
4.527819e+00    1.149263e-04    8.126435e-05
4.604561e+00    1.149263e-04    8.126435e-05
4.681304e+00    1.331327e-06    5.953730e-07
4.758047e+00    1.276142e-04    9.023598e-05
5.065017e+00    1.276142e-04    9.023598e-05
