6.734244e-02    2.173170e-02    1.821330e-04
1.346849e-01    7.370196e-02    5.759141e-04
2.020273e-01    1.303351e-01    9.343349e-04
2.693697e-01    1.957217e-01    1.242123e-03
3.367122e-01    2.760422e-01    1.524523e-03
4.040546e-01    3.543795e-01    1.687396e-03
4.713970e-01    4.574578e-01    1.880101e-03
5.387395e-01    5.634095e-01    1.956630e-03
6.060819e-01    6.612117e-01    1.977384e-03
6.734244e-01    7.641862e-01    2.064165e-03
7.407668e-01    8.485903e-01    2.048227e-03
8.081092e-01    9.321133e-01    2.047539e-03
8.754517e-01    9.713082e-01    1.964499e-03
9.427941e-01    9.925975e-01    1.942896e-03
1.010137e+00    9.844268e-01    1.989032e-03
1.077479e+00    9.466619e-01    1.937633e-03
1.144821e+00    8.897520e-01    1.960277e-03
1.212164e+00    8.220767e-01    1.968552e-03
1.279506e+00    7.544568e-01    1.996327e-03
1.346849e+00    6.737871e-01    1.974768e-03
1.414191e+00    5.778526e-01    1.944499e-03
1.481534e+00    4.809609e-01    1.769887e-03
1.548876e+00    4.104148e-01    1.831365e-03
1.616218e+00    3.251733e-01    1.680545e-03
1.683561e+00    2.509384e-01    1.438954e-03
1.750903e+00    1.800580e-01    1.245234e-03
1.818246e+00    1.289379e-01    1.059396e-03
1.885588e+00    8.112815e-02    7.949054e-04
1.952931e+00    4.943407e-02    5.879638e-04
2.020273e+00    2.506551e-02    3.803568e-04
2.087616e+00    1.450394e-02    2.756550e-04
2.154958e+00    6.215886e-03    1.630528e-04
2.222300e+00    2.957962e-03    1.209762e-04
2.289643e+00    8.936899e-04    4.288488e-05
2.356985e+00    7.595581e-04    5.545646e-05
2.424328e+00    8.016561e-05    1.177359e-05
2.491670e+00    7.254608e-05    1.637088e-05
2.559013e+00    1.001971e-05    2.692696e-06
2.626355e+00    4.619588e-08    3.178231e-08
2.693697e+00    3.032501e-09    3.032489e-09
2.895725e+00    1.334774e-06    7.706229e-07
2.963067e+00    7.094600e-05    7.094570e-05
