7.722824e-02    3.610485e-02    2.843138e-04
1.544565e-01    1.012017e-01    7.449614e-04
2.316847e-01    1.785119e-01    1.183359e-03
3.089130e-01    2.686327e-01    1.501093e-03
3.861412e-01    3.365945e-01    1.590508e-03
4.633695e-01    4.484691e-01    1.799260e-03
5.405977e-01    5.563459e-01    1.858928e-03
6.178259e-01    6.542832e-01    1.857632e-03
6.950542e-01    7.808924e-01    1.968370e-03
7.722824e-01    8.885089e-01    1.940363e-03
8.495107e-01    9.340978e-01    1.898197e-03
9.267389e-01    9.870976e-01    1.872312e-03
1.003967e+00    9.889435e-01    1.889150e-03
1.081195e+00    9.887269e-01    1.974280e-03
1.158424e+00    8.596144e-01    1.881782e-03
1.235652e+00    7.834878e-01    1.922191e-03
1.312880e+00    7.038452e-01    1.899989e-03
1.390108e+00    5.770244e-01    1.833064e-03
1.467337e+00    4.797837e-01    1.756766e-03
1.544565e+00    4.010312e-01    1.733666e-03
1.621793e+00    3.082277e-01    1.539846e-03
1.699021e+00    2.378958e-01    1.391285e-03
1.776250e+00    1.652923e-01    1.149632e-03
1.853478e+00    1.159888e-01    9.708353e-04
1.930706e+00    7.276655e-02    7.493237e-04
2.007934e+00    4.891617e-02    6.203561e-04
2.085163e+00    2.746305e-02    4.628596e-04
2.162391e+00    1.048288e-02    2.268498e-04
2.239619e+00    5.261705e-03    1.542980e-04
2.316847e+00    2.329353e-03    7.758590e-05
2.394076e+00    4.888476e-04    2.176466e-05
2.471304e+00    2.967670e-04    1.407754e-05
2.548532e+00    2.255864e-05    2.388107e-06
2.625760e+00    3.467740e-07    2.504949e-08
2.702989e+00    1.111796e-07    1.602737e-08
