5.299156e-02    1.654849e-02    1.683399e-04
1.059831e-01    4.657332e-02    4.585908e-04
1.589747e-01    7.885046e-02    7.188697e-04
2.119662e-01    1.268886e-01    1.050491e-03
2.649578e-01    1.645184e-01    1.226414e-03
3.179493e-01    2.005322e-01    1.312012e-03
3.709409e-01    2.705418e-01    1.498123e-03
4.239324e-01    3.287775e-01    1.624853e-03
4.769240e-01    3.946480e-01    1.717675e-03
5.299156e-01    4.655168e-01    1.793890e-03
5.829071e-01    5.586980e-01    1.899313e-03
6.358987e-01    6.445012e-01    1.931541e-03
6.888902e-01    7.755668e-01    2.144321e-03
7.418818e-01    8.245649e-01    2.023272e-03
7.948733e-01    9.416037e-01    2.150122e-03
8.478649e-01    9.988638e-01    2.110884e-03
9.008565e-01    1.036732e+00    2.106450e-03
9.538480e-01    1.066998e+00    2.050541e-03
1.006840e+00    1.107414e+00    2.064065e-03
1.059831e+00    1.097892e+00    2.088240e-03
1.112823e+00    1.065001e+00    2.144157e-03
1.165814e+00    9.913757e-01    2.105289e-03
1.218806e+00    9.676765e-01    2.254099e-03
1.271797e+00    8.461671e-01    2.161620e-03
1.324789e+00    7.665325e-01    2.214919e-03
1.377780e+00    6.509794e-01    2.077682e-03
1.430772e+00    5.551995e-01    2.008840e-03
1.483764e+00    4.608003e-01    1.871889e-03
1.536755e+00    3.914795e-01    1.812374e-03
1.589747e+00    2.959937e-01    1.586525e-03
1.642738e+00    2.206601e-01    1.376687e-03
1.695730e+00    1.713207e-01    1.213580e-03
1.748721e+00    1.205811e-01    1.018482e-03
1.801713e+00    8.668156e-02    8.350197e-04
1.854704e+00    5.700071e-02    6.793515e-04
1.907696e+00    3.471451e-02    4.977639e-04
1.960688e+00    2.220151e-02    3.828509e-04
2.013679e+00    1.087492e-02    2.298473e-04
2.066671e+00    4.901833e-03    1.410152e-04
2.119662e+00    2.226992e-03    7.978644e-05
2.172654e+00    1.175681e-03    5.900140e-05
2.225645e+00    7.017334e-04    4.421508e-05
2.278637e+00    3.006797e-04    3.562796e-05
2.331628e+00    4.087655e-05    7.849326e-06
2.384620e+00    9.442408e-05    1.632198e-05
2.437612e+00    5.829476e-07    1.911227e-07
2.490603e+00    2.035063e-07    3.886006e-08
2.543595e+00    1.785155e-05    4.023226e-06
2.596586e+00    2.667925e-09    2.667915e-09
2.649578e+00    5.139700e-07    5.139680e-07
