5.869352e-02    1.652155e-02    1.724134e-04
1.173870e-01    5.175718e-02    4.750688e-04
1.760806e-01    8.301243e-02    7.183009e-04
2.347741e-01    1.316544e-01    1.037171e-03
2.934676e-01    1.836229e-01    1.266208e-03
3.521611e-01    2.387003e-01    1.406359e-03
4.108546e-01    3.032177e-01    1.533087e-03
4.695481e-01    3.930444e-01    1.777053e-03
5.282417e-01    4.878686e-01    1.857622e-03
5.869352e-01    5.984273e-01    1.963897e-03
6.456287e-01    6.978227e-01    2.072194e-03
7.043222e-01    8.044683e-01    2.089469e-03
7.630157e-01    8.977919e-01    2.078070e-03
8.217093e-01    9.899188e-01    2.153483e-03
8.804028e-01    1.055214e+00    2.132583e-03
9.390963e-01    1.080323e+00    2.028191e-03
9.977898e-01    1.093546e+00    2.052841e-03
1.056483e+00    1.080656e+00    2.057345e-03
1.115177e+00    1.031421e+00    2.071101e-03
1.173870e+00    9.621064e-01    2.132634e-03
1.232564e+00    8.826979e-01    2.178178e-03
1.291257e+00    7.580039e-01    2.027971e-03
1.349951e+00    6.869068e-01    2.104369e-03
1.408644e+00    5.817418e-01    1.967426e-03
1.467338e+00    4.765915e-01    1.880522e-03
1.526031e+00    3.874565e-01    1.764682e-03
1.584725e+00    3.020150e-01    1.576098e-03
1.643419e+00    2.290802e-01    1.339902e-03
1.702112e+00    1.764537e-01    1.260560e-03
1.760806e+00    1.270138e-01    1.018097e-03
1.819499e+00    9.035564e-02    8.446828e-04
1.878193e+00    6.013350e-02    7.246960e-04
1.936886e+00    3.996428e-02    5.512310e-04
1.995580e+00    2.665136e-02    4.626938e-04
2.054273e+00    1.456142e-02    3.035774e-04
2.112967e+00    1.019719e-02    2.571248e-04
2.171660e+00    3.438163e-03    1.189795e-04
2.230354e+00    2.368408e-03    9.804675e-05
2.289047e+00    6.305505e-04    3.327081e-05
2.347741e+00    1.481200e-04    9.520989e-06
2.406434e+00    4.239828e-05    4.308873e-06
2.465128e+00    1.067757e-04    1.004213e-05
2.523821e+00    3.646124e-09    5.744859e-10
2.582515e+00    1.707823e-06    1.826780e-07
