4.764499e-02    1.944680e-02    1.698774e-04
9.528999e-02    5.560804e-02    4.353937e-04
1.429350e-01    9.323649e-02    6.990828e-04
1.905800e-01    1.457050e-01    1.029648e-03
2.382250e-01    1.806223e-01    1.171810e-03
2.858700e-01    2.413408e-01    1.435611e-03
3.335150e-01    2.763866e-01    1.490942e-03
3.811600e-01    3.264542e-01    1.580137e-03
4.288049e-01    3.807151e-01    1.669595e-03
4.764499e-01    4.396056e-01    1.755614e-03
5.240949e-01    5.201233e-01    1.808153e-03
5.717399e-01    5.458789e-01    1.720193e-03
6.193849e-01    6.493010e-01    1.907155e-03
6.670299e-01    7.049178e-01    1.870366e-03
7.146749e-01    7.788951e-01    1.918410e-03
7.623199e-01    8.333388e-01    1.862895e-03
8.099649e-01    8.636995e-01    1.875634e-03
8.576099e-01    9.274336e-01    1.807036e-03
9.052549e-01    9.690488e-01    1.830979e-03
9.528999e-01    1.010668e+00    1.869870e-03
1.000545e+00    9.829754e-01    1.786532e-03
1.048190e+00    1.011707e+00    1.913226e-03
1.095835e+00    9.862251e-01    1.867169e-03
1.143480e+00    9.508484e-01    1.896928e-03
1.191125e+00    9.095601e-01    1.927543e-03
1.238770e+00    8.425287e-01    1.922072e-03
1.286415e+00    7.855462e-01    1.925408e-03
1.334060e+00    7.076599e-01    1.939979e-03
1.381705e+00    6.693131e-01    1.975051e-03
1.429350e+00    5.995310e-01    1.966543e-03
1.476995e+00    5.277365e-01    1.912833e-03
1.524640e+00    4.498930e-01    1.827084e-03
1.572285e+00    3.815974e-01    1.693727e-03
1.619930e+00    3.148020e-01    1.611372e-03
1.667575e+00    2.442218e-01    1.369479e-03
1.715220e+00    1.996174e-01    1.289610e-03
1.762865e+00    1.489463e-01    1.116118e-03
1.810510e+00    1.044214e-01    8.800250e-04
1.858155e+00    7.553293e-02    7.287269e-04
1.905800e+00    5.063026e-02    5.703113e-04
1.953445e+00    3.447024e-02    4.363185e-04
2.001090e+00    2.244604e-02    3.338668e-04
2.048735e+00    1.156980e-02    2.169812e-04
2.096380e+00    5.916734e-03    1.512754e-04
2.144025e+00    4.626833e-03    1.146840e-04
2.191670e+00    1.806512e-03    6.086147e-05
2.239315e+00    9.678740e-04    6.270665e-05
2.286960e+00    7.697124e-04    3.602784e-05
2.334605e+00    8.835650e-05    9.683674e-06
2.382250e+00    8.002143e-05    4.959157e-06
2.429895e+00    5.635670e-05    6.360635e-06
2.477540e+00    3.590771e-05    4.655147e-06
2.525185e+00    6.209926e-06    1.074686e-06
2.572830e+00    7.773357e-07    6.709313e-08
2.620475e+00    2.283662e-06    7.057914e-07
2.668120e+00    7.596917e-09    3.954355e-09
2.715765e+00    2.046683e-08    2.046674e-08
