4.924259e-02    1.223326e-02    1.177238e-04
9.848518e-02    3.759507e-02    3.466758e-04
1.477278e-01    6.927579e-02    6.166152e-04
1.969704e-01    9.970307e-02    8.182539e-04
2.462129e-01    1.299479e-01    9.505438e-04
2.954555e-01    1.768284e-01    1.211937e-03
3.446981e-01    2.422692e-01    1.438204e-03
3.939407e-01    2.980207e-01    1.554249e-03
4.431833e-01    3.636112e-01    1.667036e-03
4.924259e-01    4.423855e-01    1.843265e-03
5.416685e-01    4.902336e-01    1.767981e-03
5.909111e-01    5.817604e-01    1.931899e-03
6.401537e-01    6.699773e-01    1.966869e-03
6.893962e-01    7.685848e-01    2.041742e-03
7.386388e-01    8.315136e-01    2.039264e-03
7.878814e-01    9.126667e-01    2.043660e-03
8.371240e-01    9.725105e-01    2.035256e-03
8.863666e-01    1.011617e+00    1.950395e-03
9.356092e-01    1.071622e+00    1.967200e-03
9.848518e-01    1.078644e+00    1.945300e-03
1.034094e+00    1.109660e+00    2.015347e-03
1.083337e+00    1.077292e+00    2.030970e-03
1.132580e+00    1.045331e+00    2.087914e-03
1.181822e+00    9.950997e-01    2.020640e-03
1.231065e+00    9.357231e-01    2.173358e-03
1.280307e+00    8.609437e-01    2.189277e-03
1.329550e+00    7.764806e-01    2.172865e-03
1.378792e+00    6.601387e-01    2.053802e-03
1.428035e+00    5.864163e-01    2.070777e-03
1.477278e+00    4.762525e-01    1.842587e-03
1.526520e+00    3.790304e-01    1.691440e-03
1.575763e+00    3.029975e-01    1.529063e-03
1.625005e+00    2.353843e-01    1.353221e-03
1.674248e+00    1.726575e-01    1.137803e-03
1.723491e+00    1.264112e-01    9.605534e-04
1.772733e+00    9.069896e-02    7.909469e-04
1.821976e+00    6.960310e-02    7.231954e-04
1.871218e+00    4.678459e-02    5.629720e-04
1.920461e+00    3.487516e-02    4.833266e-04
1.969704e+00    2.427744e-02    4.152929e-04
2.018946e+00    1.546384e-02    3.002735e-04
2.068189e+00    1.026539e-02    2.804995e-04
2.117431e+00    7.505091e-03    2.124451e-04
2.166674e+00    3.366920e-03    1.047097e-04
2.215916e+00    1.924240e-03    8.430698e-05
2.265159e+00    1.254487e-03    4.996587e-05
2.314402e+00    5.034785e-04    3.191080e-05
2.363644e+00    1.813500e-04    1.060382e-05
2.412887e+00    5.945719e-05    7.249452e-06
2.462129e+00    6.887749e-06    7.609614e-07
2.511372e+00    9.385273e-06    9.754614e-07
2.560615e+00    2.556893e-05    3.077268e-06
2.609857e+00    2.192230e-10    4.783428e-11
