4.505310e-02    1.469345e-02    1.102166e-04
9.010619e-02    4.612708e-02    3.212162e-04
1.351593e-01    8.051730e-02    6.137186e-04
1.802124e-01    1.106194e-01    7.880036e-04
2.252655e-01    1.492931e-01    9.802457e-04
2.703186e-01    1.913537e-01    1.129367e-03
3.153717e-01    2.296808e-01    1.246953e-03
3.604248e-01    2.829572e-01    1.380541e-03
4.054779e-01    3.336027e-01    1.512539e-03
4.505310e-01    3.943706e-01    1.595730e-03
4.955841e-01    4.605890e-01    1.698538e-03
5.406372e-01    5.137247e-01    1.694545e-03
5.856902e-01    5.879074e-01    1.758732e-03
6.307433e-01    6.432332e-01    1.751221e-03
6.757964e-01    7.269395e-01    1.794808e-03
7.208495e-01    7.930602e-01    1.829348e-03
7.659026e-01    8.446786e-01    1.779254e-03
8.109557e-01    9.023722e-01    1.752669e-03
8.560088e-01    9.506985e-01    1.708927e-03
9.010619e-01    1.016763e+00    1.765842e-03
9.461150e-01    1.025451e+00    1.683337e-03
9.911681e-01    1.040235e+00    1.724275e-03
1.036221e+00    1.050520e+00    1.720243e-03
1.081274e+00    1.027314e+00    1.737298e-03
1.126327e+00    1.031579e+00    1.863837e-03
1.171380e+00    9.807434e-01    1.817613e-03
1.216434e+00    9.264554e-01    1.923585e-03
1.261487e+00    8.718870e-01    1.892013e-03
1.306540e+00    7.664855e-01    1.867429e-03
1.351593e+00    7.179943e-01    1.941322e-03
1.396646e+00    6.252285e-01    1.850661e-03
1.441699e+00    5.314898e-01    1.777071e-03
1.486752e+00    4.584297e-01    1.692305e-03
1.531805e+00    4.080853e-01    1.671279e-03
1.576858e+00    3.222906e-01    1.497896e-03
1.621911e+00    2.675164e-01    1.365154e-03
1.666965e+00    2.118401e-01    1.176223e-03
1.712018e+00    1.706543e-01    1.070657e-03
1.757071e+00    1.248830e-01    8.848421e-04
1.802124e+00    9.653415e-02    7.636587e-04
1.847177e+00    7.880151e-02    6.978070e-04
1.892230e+00    5.027042e-02    5.617307e-04
1.937283e+00    3.954944e-02    4.624631e-04
1.982336e+00    2.848973e-02    3.957497e-04
2.027389e+00    2.047996e-02    3.427190e-04
2.072442e+00    1.645278e-02    2.826668e-04
2.117496e+00    1.003095e-02    2.219024e-04
2.162549e+00    6.856192e-03    1.506998e-04
2.207602e+00    5.452771e-03    1.855511e-04
2.252655e+00    3.505296e-03    1.228488e-04
2.297708e+00    1.952049e-03    7.899892e-05
2.342761e+00    1.959823e-03    1.238625e-04
2.387814e+00    7.748083e-04    4.403706e-05
2.432867e+00    8.792071e-04    9.160395e-05
2.477920e+00    5.486715e-04    7.442167e-05
2.522973e+00    5.589057e-04    1.196162e-04
2.568026e+00    2.783357e-04    7.332727e-05
2.613080e+00    3.197956e-04    4.153318e-05
2.658133e+00    2.033873e-05    3.613323e-06
2.703186e+00    1.249633e-05    1.928263e-06
2.748239e+00    6.798874e-08    4.807490e-08
2.793292e+00    7.099128e-08    7.099098e-08
2.883398e+00    3.170434e-09    2.241816e-09
2.973504e+00    4.049976e-05    2.863742e-05
