4.403825e-02    2.119128e-02    1.406990e-04
8.807649e-02    5.773500e-02    3.736097e-04
1.321147e-01    9.225283e-02    6.059718e-04
1.761530e-01    1.288561e-01    7.248324e-04
2.201912e-01    1.673789e-01    9.381968e-04
2.642295e-01    2.078722e-01    1.117846e-03
3.082677e-01    2.556066e-01    1.286203e-03
3.523060e-01    2.902490e-01    1.312447e-03
3.963442e-01    3.440093e-01    1.495191e-03
4.403825e-01    3.844911e-01    1.479314e-03
4.844207e-01    4.373504e-01    1.526749e-03
5.284590e-01    5.099278e-01    1.600411e-03
5.724972e-01    5.652817e-01    1.603196e-03
6.165355e-01    6.177804e-01    1.666388e-03
6.605737e-01    6.678563e-01    1.605278e-03
7.046119e-01    7.248029e-01    1.594948e-03
7.486502e-01    7.776877e-01    1.560509e-03
7.926884e-01    8.451145e-01    1.559000e-03
8.367267e-01    9.330701e-01    1.600744e-03
8.807649e-01    9.754543e-01    1.586249e-03
9.248032e-01    9.857849e-01    1.509464e-03
9.688414e-01    9.921661e-01    1.465960e-03
1.012880e+00    1.028904e+00    1.528900e-03
1.056918e+00    9.886305e-01    1.492258e-03
1.100956e+00    1.013515e+00    1.604557e-03
1.144994e+00    9.997250e-01    1.664181e-03
1.189033e+00    9.458407e-01    1.671795e-03
1.233071e+00    9.193221e-01    1.829284e-03
1.277109e+00    8.416423e-01    1.798403e-03
1.321147e+00    7.698989e-01    1.760326e-03
1.365186e+00    7.123199e-01    1.860138e-03
1.409224e+00    6.240309e-01    1.746142e-03
1.453262e+00    5.477486e-01    1.660486e-03
1.497300e+00    4.516334e-01    1.605640e-03
1.541339e+00    3.932549e-01    1.533398e-03
1.585377e+00    3.287444e-01    1.413952e-03
1.629415e+00    2.787832e-01    1.317891e-03
1.673453e+00    2.118716e-01    1.134076e-03
1.717492e+00    1.756201e-01    1.033923e-03
1.761530e+00    1.268792e-01    8.151547e-04
1.805568e+00    9.951232e-02    7.448534e-04
1.849606e+00    7.398764e-02    6.356123e-04
1.893645e+00    5.773371e-02    5.578539e-04
1.937683e+00    4.115915e-02    4.554375e-04
1.981721e+00    2.897936e-02    3.537095e-04
2.025759e+00    2.074873e-02    3.081133e-04
2.069798e+00    1.552072e-02    2.616731e-04
2.113836e+00    9.931710e-03    1.845211e-04
2.157874e+00    7.303994e-03    1.575045e-04
2.201912e+00    4.502366e-03    1.295956e-04
2.245951e+00    2.570946e-03    9.171761e-05
2.289989e+00    1.614198e-03    5.815873e-05
2.334027e+00    1.120473e-03    4.932238e-05
2.378065e+00    5.168909e-04    3.192308e-05
2.422104e+00    7.828797e-04    5.935156e-05
2.466142e+00    5.259289e-04    3.748767e-05
2.510180e+00    1.288969e-04    1.024940e-05
2.554218e+00    2.166956e-04    2.029329e-05
2.598257e+00    2.360893e-05    3.646563e-06
2.642295e+00    2.318747e-05    1.626767e-06
2.686333e+00    1.981192e-05    3.813525e-06
2.730371e+00    1.465452e-04    3.017360e-05
2.774410e+00    1.673840e-04    3.517486e-05
2.818448e+00    8.275387e-09    1.592415e-09
2.906524e+00    6.283298e-08    9.580177e-09
2.994601e+00    1.313184e-05    4.152476e-06
