4.471620e-02    2.057184e-02    1.085548e-04
8.943239e-02    6.476111e-02    3.473309e-04
1.341486e-01    1.109652e-01    5.681509e-04
1.788648e-01    1.548640e-01    7.487642e-04
2.235810e-01    1.985295e-01    9.703117e-04
2.682972e-01    2.575668e-01    1.152899e-03
3.130134e-01    2.947569e-01    1.175950e-03
3.577296e-01    3.486539e-01    1.380716e-03
4.024458e-01    3.960111e-01    1.426609e-03
4.471620e-01    4.393998e-01    1.483790e-03
4.918782e-01    4.946230e-01    1.546241e-03
5.365944e-01    5.502740e-01    1.539959e-03
5.813106e-01    5.986232e-01    1.546916e-03
6.260267e-01    6.338564e-01    1.442755e-03
6.707429e-01    7.108317e-01    1.513370e-03
7.154591e-01    7.370204e-01    1.443486e-03
7.601753e-01    7.833211e-01    1.337879e-03
8.048915e-01    8.322454e-01    1.307419e-03
8.496077e-01    8.689524e-01    1.295514e-03
8.943239e-01    8.935605e-01    1.271722e-03
9.390401e-01    9.128370e-01    1.232573e-03
9.837563e-01    9.328625e-01    1.300350e-03
1.028473e+00    9.546510e-01    1.278052e-03
1.073189e+00    9.315269e-01    1.252645e-03
1.117905e+00    9.273641e-01    1.301297e-03
1.162621e+00    9.251607e-01    1.484373e-03
1.207337e+00    8.757482e-01    1.547732e-03
1.252053e+00    8.026109e-01    1.460976e-03
1.296770e+00    7.774827e-01    1.554259e-03
1.341486e+00    6.943838e-01    1.526771e-03
1.386202e+00    6.745483e-01    1.619203e-03
1.430918e+00    5.991989e-01    1.643009e-03
1.475634e+00    5.317103e-01    1.592862e-03
1.520351e+00    4.429751e-01    1.482128e-03
1.565067e+00    3.954507e-01    1.412907e-03
1.609783e+00    3.217408e-01    1.239000e-03
1.654499e+00    2.803441e-01    1.215654e-03
1.699215e+00    2.287622e-01    1.091948e-03
1.743932e+00    1.858845e-01    9.862924e-04
1.788648e+00    1.468617e-01    8.846575e-04
1.833364e+00    1.133716e-01    7.555313e-04
1.878080e+00    8.518839e-02    6.494414e-04
1.922796e+00    6.851124e-02    5.584017e-04
1.967513e+00    4.696143e-02    4.285630e-04
2.012229e+00    3.439067e-02    3.665014e-04
2.056945e+00    2.463254e-02    2.819109e-04
2.101661e+00    2.010011e-02    2.625353e-04
2.146377e+00    1.354054e-02    1.966233e-04
2.191094e+00    9.749826e-03    1.670945e-04
2.235810e+00    5.391810e-03    1.214264e-04
2.280526e+00    3.691910e-03    9.185092e-05
2.325242e+00    2.488643e-03    6.380971e-05
2.369958e+00    1.514734e-03    4.208333e-05
2.414675e+00    9.051018e-04    3.222428e-05
2.459391e+00    4.767578e-04    1.735230e-05
2.504107e+00    2.632758e-04    1.150938e-05
2.548823e+00    1.776600e-04    8.592771e-06
2.593539e+00    2.187218e-04    1.582178e-05
2.638256e+00    3.485874e-05    1.966656e-06
2.682972e+00    3.681214e-05    3.120650e-06
2.727688e+00    2.626238e-05    1.968879e-06
2.772404e+00    4.444034e-05    5.030520e-06
2.817120e+00    7.250680e-06    6.136032e-07
2.861837e+00    6.368583e-06    8.622564e-07
2.906553e+00    1.157794e-08    2.666966e-09
2.951269e+00    1.756900e-10    1.756892e-10
2.995985e+00    1.580472e-06    3.724909e-07
3.040701e+00    2.668103e-05    1.889690e-06
3.085418e+00    9.801151e-06    2.718192e-06
