4.483679e-02    2.282619e-02    1.108120e-04
8.967357e-02    7.650063e-02    3.421045e-04
1.345104e-01    1.205358e-01    5.283347e-04
1.793471e-01    1.677270e-01    6.813204e-04
2.241839e-01    1.990271e-01    8.240037e-04
2.690207e-01    2.639302e-01    1.012582e-03
3.138575e-01    3.190760e-01    1.114041e-03
3.586943e-01    3.632956e-01    1.229918e-03
4.035311e-01    4.023171e-01    1.329501e-03
4.483679e-01    4.622617e-01    1.389706e-03
4.932046e-01    5.233035e-01    1.438349e-03
5.380414e-01    5.566471e-01    1.419357e-03
5.828782e-01    6.039740e-01    1.390804e-03
6.277150e-01    6.649385e-01    1.444495e-03
6.725518e-01    7.047742e-01    1.272019e-03
7.173886e-01    7.516995e-01    1.309759e-03
7.622254e-01    7.772713e-01    1.203017e-03
8.070621e-01    8.376835e-01    1.189269e-03
8.518989e-01    8.381248e-01    1.051902e-03
8.967357e-01    8.755068e-01    1.046930e-03
9.415725e-01    9.073350e-01    1.008185e-03
9.864093e-01    8.964218e-01    9.462954e-04
1.031246e+00    9.280318e-01    1.069017e-03
1.076083e+00    9.045260e-01    1.072805e-03
1.120920e+00    8.819827e-01    1.116166e-03
1.165756e+00    8.684659e-01    1.223555e-03
1.210593e+00    8.533112e-01    1.304299e-03
1.255430e+00    7.924584e-01    1.283880e-03
1.300267e+00    7.546187e-01    1.371014e-03
1.345104e+00    6.532075e-01    1.345334e-03
1.389940e+00    6.347679e-01    1.411555e-03
1.434777e+00    5.688138e-01    1.431346e-03
1.479614e+00    5.251524e-01    1.395147e-03
1.524451e+00    4.668557e-01    1.376747e-03
1.569288e+00    4.116675e-01    1.375757e-03
1.614124e+00    3.422114e-01    1.223802e-03
1.658961e+00    2.971131e-01    1.160705e-03
1.703798e+00    2.509580e-01    1.072193e-03
1.748635e+00    1.982781e-01    9.368267e-04
1.793471e+00    1.570006e-01    8.310184e-04
1.838308e+00    1.211859e-01    7.097732e-04
1.883145e+00    9.827253e-02    6.224280e-04
1.927982e+00    7.031516e-02    4.952904e-04
1.972819e+00    5.490117e-02    4.417720e-04
2.017655e+00    4.474241e-02    3.907159e-04
2.062492e+00    2.844436e-02    2.827779e-04
2.107329e+00    2.123629e-02    2.286444e-04
2.152166e+00    1.520851e-02    1.663047e-04
2.197003e+00    7.985784e-03    1.126632e-04
2.241839e+00    5.913394e-03    8.957693e-05
2.286676e+00    3.883758e-03    7.058408e-05
2.331513e+00    2.459863e-03    6.003485e-05
2.376350e+00    1.664217e-03    3.783544e-05
2.421186e+00    5.178472e-04    1.495317e-05
2.466023e+00    4.123589e-04    1.207026e-05
2.510860e+00    3.869411e-04    6.834854e-05
2.555697e+00    4.152535e-04    1.091211e-05
2.600534e+00    2.741977e-04    6.572596e-05
2.645370e+00    3.556824e-05    1.469555e-06
2.690207e+00    2.060112e-04    7.729769e-05
2.735044e+00    2.675842e-05    2.395734e-06
2.779881e+00    1.275158e-05    7.830519e-07
2.824718e+00    7.211433e-06    8.139301e-07
2.869554e+00    2.506732e-07    4.749820e-08
2.914391e+00    4.022048e-06    2.585184e-07
2.959228e+00    4.417304e-08    4.515889e-09
3.004065e+00    1.210749e-06    1.790569e-07
3.048901e+00    9.197106e-09    1.642425e-09
3.183412e+00    3.610134e-06    5.707059e-07
3.228249e+00    4.573201e-08    5.627489e-09
