1.002328e-01    6.483351e-02    3.809377e-04
2.004656e-01    1.882080e-01    9.754460e-04
3.006984e-01    3.220362e-01    1.528679e-03
4.009312e-01    4.534139e-01    1.776441e-03
5.011640e-01    5.760531e-01    1.798558e-03
6.013968e-01    6.973231e-01    1.827505e-03
7.016296e-01    7.773798e-01    1.688554e-03
8.018624e-01    8.399243e-01    1.611099e-03
9.020952e-01    8.757764e-01    1.570456e-03
1.002328e+00    8.635053e-01    1.550277e-03
1.102561e+00    8.047689e-01    1.559303e-03
1.202794e+00    7.443716e-01    1.644497e-03
1.303026e+00    6.655587e-01    1.718751e-03
1.403259e+00    5.600744e-01    1.650611e-03
1.503492e+00    4.464312e-01    1.573541e-03
1.603725e+00    3.493613e-01    1.474890e-03
1.703958e+00    2.469543e-01    1.239695e-03
1.804190e+00    1.776749e-01    1.103354e-03
1.904423e+00    1.191365e-01    8.722962e-04
2.004656e+00    8.168524e-02    7.420927e-04
2.104889e+00    4.927014e-02    5.450183e-04
2.205122e+00    3.494238e-02    5.019918e-04
2.305354e+00    1.817020e-02    3.427316e-04
2.405587e+00    1.019794e-02    2.391292e-04
2.505820e+00    6.001564e-03    1.926703e-04
2.606053e+00    2.569617e-03    1.113349e-04
2.706286e+00    6.445597e-04    3.757615e-05
2.806518e+00    4.546027e-04    4.196270e-05
2.906751e+00    5.217436e-05    5.904921e-06
3.006984e+00    4.156054e-10    2.077991e-10
3.107217e+00    6.988825e-10    7.533422e-11
