7.444652e-02    7.792911e-02    3.563555e-04
1.488930e-01    1.989033e-01    8.344754e-04
2.233396e-01    3.396036e-01    1.356255e-03
2.977861e-01    4.375615e-01    1.660580e-03
3.722326e-01    5.420355e-01    1.836467e-03
4.466791e-01    6.523767e-01    1.984201e-03
5.211256e-01    7.086268e-01    1.899197e-03
5.955722e-01    7.277177e-01    1.682042e-03
6.700187e-01    7.813847e-01    1.596556e-03
7.444652e-01    7.868391e-01    1.426171e-03
8.189117e-01    7.750911e-01    1.341477e-03
8.933582e-01    7.587964e-01    1.276067e-03
9.678047e-01    7.435742e-01    1.324457e-03
1.042251e+00    6.784155e-01    1.259090e-03
1.116698e+00    6.325727e-01    1.263482e-03
1.191144e+00    5.883631e-01    1.315184e-03
1.265591e+00    5.386288e-01    1.352721e-03
1.340037e+00    4.786296e-01    1.282144e-03
1.414484e+00    4.321038e-01    1.331968e-03
1.488930e+00    3.786218e-01    1.315413e-03
1.563377e+00    3.464439e-01    1.289194e-03
1.637823e+00    3.006465e-01    1.233298e-03
1.712270e+00    2.516085e-01    1.150065e-03
1.786716e+00    2.213066e-01    1.140724e-03
1.861163e+00    1.939824e-01    1.108167e-03
1.935609e+00    1.593072e-01    9.951942e-04
2.010056e+00    1.334218e-01    9.316292e-04
2.084503e+00    1.130712e-01    8.753075e-04
2.158949e+00    8.804568e-02    7.616919e-04
2.233396e+00    7.960382e-02    7.286706e-04
2.307842e+00    6.429897e-02    6.716302e-04
2.382289e+00    4.912937e-02    5.754004e-04
2.456735e+00    3.784176e-02    4.892239e-04
2.531182e+00    2.808796e-02    4.244109e-04
2.605628e+00    2.498256e-02    3.976217e-04
2.680075e+00    1.776137e-02    3.282738e-04
2.754521e+00    1.273668e-02    2.599412e-04
2.828968e+00    1.049886e-02    2.421860e-04
2.903414e+00    9.041002e-03    2.286643e-04
2.977861e+00    6.681497e-03    2.296454e-04
3.052307e+00    4.382257e-03    1.477670e-04
3.126754e+00    4.272173e-03    1.771941e-04
3.201200e+00    5.965011e-03    2.735522e-04
3.275647e+00    2.769100e-03    2.184667e-04
3.350093e+00    1.360433e-03    9.062080e-05
3.424540e+00    7.742675e-04    6.241921e-05
3.498986e+00    2.473660e-03    1.754981e-04
3.573433e+00    7.488019e-04    6.075270e-05
3.647879e+00    7.143472e-04    1.080356e-04
3.722326e+00    8.199346e-04    1.107724e-04
3.796772e+00    1.176131e-04    1.949042e-05
3.871219e+00    8.588686e-04    1.100228e-04
3.945665e+00    6.801480e-06    3.400664e-06
4.020112e+00    8.114696e-04    1.956093e-04
4.243452e+00    1.140720e-04    1.140713e-04
