6.046002e-02    1.997085e-02    1.992531e-04
1.209200e-01    6.847151e-02    7.170145e-04
1.813801e-01    1.065277e-01    1.003945e-03
2.418401e-01    1.608017e-01    1.404396e-03
3.023001e-01    2.039692e-01    1.449138e-03
3.627601e-01    2.699230e-01    1.678373e-03
4.232201e-01    3.557342e-01    1.893186e-03
4.836802e-01    4.270150e-01    1.930686e-03
5.441402e-01    5.305061e-01    2.134570e-03
6.046002e-01    6.337552e-01    2.254702e-03
6.650602e-01    7.257511e-01    2.286782e-03
7.255202e-01    8.391288e-01    2.398235e-03
7.859803e-01    9.117876e-01    2.310358e-03
8.464403e-01    1.015503e+00    2.437520e-03
9.069003e-01    1.038023e+00    2.350481e-03
9.673603e-01    1.086348e+00    2.378140e-03
1.027820e+00    1.069760e+00    2.404560e-03
1.088280e+00    9.964326e-01    2.345676e-03
1.148740e+00    9.510107e-01    2.333519e-03
1.209200e+00    8.493935e-01    2.293724e-03
1.269660e+00    7.627289e-01    2.321833e-03
1.330120e+00    7.014385e-01    2.352600e-03
1.390580e+00    6.137927e-01    2.303173e-03
1.451040e+00    5.123524e-01    2.178825e-03
1.511500e+00    4.344617e-01    2.082367e-03
1.571961e+00    3.493510e-01    1.909017e-03
1.632421e+00    2.618030e-01    1.659452e-03
1.692881e+00    1.950235e-01    1.424415e-03
1.753341e+00    1.306806e-01    1.119894e-03
1.813801e+00    9.810164e-02    9.991816e-04
1.874261e+00    6.224542e-02    7.365398e-04
1.934721e+00    4.571877e-02    6.530704e-04
1.995181e+00    2.778277e-02    4.509906e-04
2.055641e+00    1.578571e-02    3.257820e-04
2.116101e+00    1.483879e-02    3.706580e-04
2.176561e+00    1.054039e-02    2.938499e-04
2.237021e+00    9.560224e-03    2.936396e-04
2.297481e+00    6.642308e-03    2.521094e-04
2.357941e+00    6.985180e-03    3.142108e-04
2.418401e+00    6.349877e-03    3.205439e-04
2.478861e+00    4.959052e-03    3.250514e-04
2.539321e+00    3.832211e-03    2.463552e-04
2.599781e+00    1.894950e-03    1.477201e-04
2.660241e+00    7.740642e-04    9.151599e-05
2.720701e+00    1.700880e-03    1.939993e-04
2.781161e+00    5.279201e-04    6.219716e-05
2.841621e+00    1.698357e-04    3.240781e-05
2.962541e+00    1.135337e-07    5.079850e-08
