7.316810e-02    2.903528e-02    2.427620e-04
1.463362e-01    1.054830e-01    8.546857e-04
2.195043e-01    1.844670e-01    1.330799e-03
2.926724e-01    2.605156e-01    1.650290e-03
3.658405e-01    3.349032e-01    1.819897e-03
4.390086e-01    4.416507e-01    2.053522e-03
5.121767e-01    5.189832e-01    2.014300e-03
5.853448e-01    6.271042e-01    2.081025e-03
6.585129e-01    7.104197e-01    2.115667e-03
7.316810e-01    8.031777e-01    2.113881e-03
8.048491e-01    8.688511e-01    2.119382e-03
8.780172e-01    9.573458e-01    2.149734e-03
9.511853e-01    9.624182e-01    2.161988e-03
1.024353e+00    9.875199e-01    2.173688e-03
1.097521e+00    9.238326e-01    2.150692e-03
1.170690e+00    8.815573e-01    2.215587e-03
1.243858e+00    7.849434e-01    2.179731e-03
1.317026e+00    6.853462e-01    2.137460e-03
1.390194e+00    5.873510e-01    2.047168e-03
1.463362e+00    4.820968e-01    1.950317e-03
1.536530e+00    3.878421e-01    1.823564e-03
1.609698e+00    3.116784e-01    1.689213e-03
1.682866e+00    2.442271e-01    1.544857e-03
1.756034e+00    1.902049e-01    1.382045e-03
1.829202e+00    1.368048e-01    1.157203e-03
1.902371e+00    9.604528e-02    9.675099e-04
1.975539e+00    6.501363e-02    7.729723e-04
2.048707e+00    4.306337e-02    6.752092e-04
2.121875e+00    2.176976e-02    3.946186e-04
2.195043e+00    1.626736e-02    3.763385e-04
2.268211e+00    1.018824e-02    2.732781e-04
2.341379e+00    3.514207e-03    1.496820e-04
2.414547e+00    1.919159e-03    9.954425e-05
2.487715e+00    6.902084e-04    5.131021e-05
2.560883e+00    5.276832e-04    3.633131e-05
2.634052e+00    3.623538e-04    3.537248e-05
2.707220e+00    1.656119e-05    2.866005e-06
2.780388e+00    2.121497e-05    1.224829e-05
