5.371561e-02    1.689421e-02    1.805544e-04
1.074312e-01    5.373048e-02    5.077755e-04
1.611468e-01    9.757049e-02    8.527293e-04
2.148624e-01    1.343586e-01    1.042737e-03
2.685780e-01    1.869926e-01    1.353533e-03
3.222937e-01    2.516173e-01    1.595900e-03
3.760093e-01    3.226043e-01    1.786995e-03
4.297249e-01    3.872762e-01    1.922003e-03
4.834405e-01    4.646993e-01    1.990516e-03
5.371561e-01    5.633445e-01    2.163385e-03
5.908717e-01    6.366512e-01    2.241752e-03
6.445873e-01    7.298930e-01    2.249435e-03
6.983029e-01    8.153067e-01    2.303156e-03
7.520185e-01    8.691324e-01    2.234267e-03
8.057341e-01    9.208712e-01    2.252749e-03
8.594498e-01    9.710091e-01    2.254395e-03
9.131654e-01    9.622889e-01    2.144454e-03
9.668810e-01    9.527609e-01    2.080158e-03
1.020597e+00    9.796599e-01    2.165169e-03
1.074312e+00    9.313805e-01    2.098171e-03
1.128028e+00    9.134688e-01    2.151884e-03
1.181743e+00    8.679454e-01    2.196957e-03
1.235459e+00    8.403172e-01    2.265038e-03
1.289175e+00    7.498919e-01    2.225937e-03
1.342890e+00    6.985366e-01    2.237853e-03
1.396606e+00    6.388010e-01    2.259846e-03
1.450321e+00    5.605505e-01    2.239796e-03
1.504037e+00    4.768877e-01    2.073836e-03
1.557753e+00    3.983708e-01    2.009730e-03
1.611468e+00    3.263727e-01    1.813174e-03
1.665184e+00    2.449427e-01    1.543236e-03
1.718900e+00    1.884843e-01    1.360825e-03
1.772615e+00    1.399841e-01    1.142997e-03
1.826331e+00    1.061182e-01    9.910293e-04
1.880046e+00    7.389763e-02    7.820371e-04
1.933762e+00    4.882283e-02    6.428121e-04
1.987478e+00    3.281766e-02    5.249624e-04
2.041193e+00    2.379287e-02    4.334924e-04
2.094909e+00    1.543066e-02    3.428008e-04
2.148624e+00    8.883601e-03    2.477738e-04
2.202340e+00    6.254440e-03    2.072643e-04
2.256056e+00    3.783522e-03    1.977224e-04
2.309771e+00    1.663510e-03    1.020553e-04
2.363487e+00    1.286436e-03    9.825461e-05
2.417202e+00    6.901321e-04    7.079018e-05
2.470918e+00    2.947578e-04    3.560435e-05
2.524634e+00    9.321545e-05    3.764934e-05
2.578349e+00    3.919336e-05    1.051475e-05
2.632065e+00    6.417204e-06    5.122219e-06
2.685780e+00    2.120685e-08    1.499537e-08
2.739496e+00    9.036583e-05    2.271384e-05
2.793212e+00    1.319078e-06    7.615591e-07
