5.729585e-02    1.242159e-02    1.299399e-04
1.145917e-01    4.813628e-02    5.142639e-04
1.718875e-01    9.115267e-02    9.144373e-04
2.291834e-01    1.286517e-01    1.075610e-03
2.864792e-01    1.808124e-01    1.380745e-03
3.437751e-01    2.408251e-01    1.577477e-03
4.010709e-01    3.038416e-01    1.719279e-03
4.583668e-01    3.895408e-01    1.901762e-03
5.156626e-01    4.752797e-01    2.047121e-03
5.729585e-01    5.757198e-01    2.174239e-03
6.302543e-01    6.586182e-01    2.171057e-03
6.875502e-01    7.577049e-01    2.287522e-03
7.448460e-01    8.095894e-01    2.147701e-03
8.021419e-01    9.307047e-01    2.251558e-03
8.594377e-01    1.027913e+00    2.319158e-03
9.167336e-01    1.035771e+00    2.207059e-03
9.740294e-01    1.092201e+00    2.226666e-03
1.031325e+00    1.130291e+00    2.381364e-03
1.088621e+00    1.099500e+00    2.398098e-03
1.145917e+00    1.052231e+00    2.447558e-03
1.203213e+00    9.422336e-01    2.465472e-03
1.260509e+00    8.470671e-01    2.312036e-03
1.317805e+00    7.334316e-01    2.295511e-03
1.375100e+00    6.100077e-01    2.153069e-03
1.432396e+00    5.209793e-01    2.111625e-03
1.489692e+00    4.064181e-01    1.866151e-03
1.546988e+00    3.341439e-01    1.746614e-03
1.604284e+00    2.722191e-01    1.609102e-03
1.661580e+00    2.098872e-01    1.449918e-03
1.718875e+00    1.628849e-01    1.330512e-03
1.776171e+00    1.201745e-01    1.115894e-03
1.833467e+00    8.567594e-02    9.179133e-04
1.890763e+00    6.278614e-02    8.046054e-04
1.948059e+00    4.277887e-02    6.550967e-04
2.005355e+00    2.815545e-02    5.430041e-04
2.062651e+00    1.507182e-02    3.560398e-04
2.119946e+00    9.775176e-03    2.536624e-04
2.177242e+00    3.488090e-03    1.326217e-04
2.234538e+00    2.442802e-03    1.154220e-04
2.291834e+00    2.041485e-03    1.337035e-04
2.349130e+00    2.483073e-04    1.673535e-05
2.406426e+00    2.595373e-04    2.010646e-05
2.463721e+00    9.642981e-05    1.125786e-05
2.521017e+00    8.488856e-05    1.178413e-05
2.578313e+00    1.335093e-05    2.150127e-06
2.635609e+00    1.120322e-06    7.921801e-07
