5.048819e-02    1.899568e-02    1.968418e-04
1.009764e-01    5.597127e-02    4.999372e-04
1.514646e-01    9.059115e-02    7.572391e-04
2.019527e-01    1.402515e-01    1.094148e-03
2.524409e-01    1.840605e-01    1.325342e-03
3.029291e-01    2.301831e-01    1.438056e-03
3.534173e-01    2.840621e-01    1.669241e-03
4.039055e-01    3.478461e-01    1.756810e-03
4.543937e-01    4.386367e-01    1.980658e-03
5.048819e-01    5.085990e-01    2.071299e-03
5.553701e-01    5.704264e-01    2.065670e-03
6.058582e-01    6.260887e-01    2.074778e-03
6.563464e-01    7.142809e-01    2.115152e-03
7.068346e-01    7.780472e-01    2.184817e-03
7.573228e-01    8.447624e-01    2.152503e-03
8.078110e-01    8.787628e-01    2.091455e-03
8.582992e-01    9.237164e-01    2.018195e-03
9.087874e-01    9.633437e-01    2.031322e-03
9.592756e-01    9.730950e-01    2.065601e-03
1.009764e+00    9.952014e-01    2.057463e-03
1.060252e+00    9.864745e-01    2.108709e-03
1.110740e+00    9.920632e-01    2.184313e-03
1.161228e+00    9.318812e-01    2.228105e-03
1.211716e+00    8.927986e-01    2.191627e-03
1.262205e+00    8.234258e-01    2.123291e-03
1.312693e+00    7.682397e-01    2.249900e-03
1.363181e+00    7.023966e-01    2.315722e-03
1.413669e+00    6.027586e-01    2.095652e-03
1.464157e+00    5.156778e-01    2.039355e-03
1.514646e+00    4.637513e-01    1.993348e-03
1.565134e+00    3.614125e-01    1.768812e-03
1.615622e+00    2.982148e-01    1.694513e-03
1.666110e+00    2.437704e-01    1.510428e-03
1.716598e+00    1.868177e-01    1.332708e-03
1.767087e+00    1.529331e-01    1.200835e-03
1.817575e+00    1.074774e-01    1.004143e-03
1.868063e+00    7.736733e-02    8.415358e-04
1.918551e+00    5.285669e-02    6.916186e-04
1.969039e+00    3.244154e-02    4.955686e-04
2.019527e+00    2.115856e-02    4.088542e-04
2.070016e+00    1.318741e-02    2.784707e-04
2.120504e+00    6.580076e-03    1.784665e-04
2.170992e+00    3.222291e-03    9.913018e-05
2.221480e+00    1.556891e-03    6.946942e-05
2.271968e+00    1.041652e-03    5.406730e-05
2.322457e+00    7.067806e-05    4.662579e-06
2.372945e+00    5.018921e-05    3.250614e-06
2.423433e+00    3.704044e-05    3.853955e-06
2.473921e+00    2.723622e-05    1.735240e-06
2.524409e+00    5.283517e-07    6.326888e-08
2.574898e+00    1.424052e-07    1.087034e-07
