4.894393e-02    2.182979e-02    1.941097e-04
9.788786e-02    5.719716e-02    4.636076e-04
1.468318e-01    1.120327e-01    8.720809e-04
1.957757e-01    1.402450e-01    1.058375e-03
2.447196e-01    1.923350e-01    1.317061e-03
2.936636e-01    2.331641e-01    1.443184e-03
3.426075e-01    2.909380e-01    1.613218e-03
3.915514e-01    3.378592e-01    1.716874e-03
4.404954e-01    4.063754e-01    1.832098e-03
4.894393e-01    4.695651e-01    1.919923e-03
5.383832e-01    5.261785e-01    1.927703e-03
5.873271e-01    6.037114e-01    1.988650e-03
6.362711e-01    6.522369e-01    1.937660e-03
6.852150e-01    7.251882e-01    1.963609e-03
7.341589e-01    7.972678e-01    2.000736e-03
7.831029e-01    8.295305e-01    1.895365e-03
8.320468e-01    8.735990e-01    1.830143e-03
8.809907e-01    9.336165e-01    1.902838e-03
9.299346e-01    9.693361e-01    1.852292e-03
9.788786e-01    1.019275e+00    1.934393e-03
1.027822e+00    9.808484e-01    1.872914e-03
1.076766e+00    9.835425e-01    1.999395e-03
1.125710e+00    9.987719e-01    2.026990e-03
1.174654e+00    9.409760e-01    2.117222e-03
1.223598e+00    9.251835e-01    2.177151e-03
1.272542e+00    8.437124e-01    2.139846e-03
1.321486e+00    7.477602e-01    2.068439e-03
1.370430e+00    6.927092e-01    2.160373e-03
1.419374e+00    6.160075e-01    2.112273e-03
1.468318e+00    5.052792e-01    1.956274e-03
1.517262e+00    4.357135e-01    1.834713e-03
1.566206e+00    3.757740e-01    1.764083e-03
1.615150e+00    2.901881e-01    1.576341e-03
1.664094e+00    2.334161e-01    1.413574e-03
1.713037e+00    1.754967e-01    1.244091e-03
1.761981e+00    1.419733e-01    1.090520e-03
1.810925e+00    1.071223e-01    9.205756e-04
1.859869e+00    7.759459e-02    7.804829e-04
1.908813e+00    5.194881e-02    6.230253e-04
1.957757e+00    3.812741e-02    5.084262e-04
2.006701e+00    2.395934e-02    4.017106e-04
2.055645e+00    1.492501e-02    2.901761e-04
2.104589e+00    1.113302e-02    2.614267e-04
2.153533e+00    8.374279e-03    2.045679e-04
2.202477e+00    5.599059e-03    1.884781e-04
2.251421e+00    4.916618e-03    1.719105e-04
2.300365e+00    2.437512e-03    1.051492e-04
2.349309e+00    2.403445e-03    1.589854e-04
2.398252e+00    1.307186e-03    7.656770e-05
2.447196e+00    7.105096e-04    6.883188e-05
2.496140e+00    3.158539e-04    4.557368e-05
2.545084e+00    5.054669e-04    5.192269e-05
2.594028e+00    2.393320e-05    3.371011e-06
2.642972e+00    3.891385e-04    8.759504e-05
2.691916e+00    2.353959e-04    5.220051e-05
2.740860e+00    3.868111e-04    8.609669e-05
2.789804e+00    3.569687e-05    5.049450e-06
2.838748e+00    2.729465e-05    1.364706e-05
2.887692e+00    6.544588e-07    3.778464e-07
2.936636e+00    2.300919e-04    8.134663e-05
