5.012444e-02    2.603654e-02    1.707683e-04
1.002489e-01    8.070946e-02    4.442605e-04
1.503733e-01    1.343104e-01    7.170675e-04
2.004978e-01    1.973765e-01    1.048346e-03
2.506222e-01    2.659933e-01    1.295148e-03
3.007467e-01    3.381527e-01    1.550949e-03
3.508711e-01    3.901206e-01    1.623408e-03
4.009956e-01    4.517805e-01    1.742231e-03
4.511200e-01    4.942345e-01    1.752492e-03
5.012444e-01    5.306785e-01    1.705006e-03
5.513689e-01    6.105709e-01    1.774572e-03
6.014933e-01    6.365546e-01    1.727173e-03
6.516178e-01    6.928604e-01    1.612762e-03
7.017422e-01    7.500185e-01    1.613194e-03
7.518667e-01    7.719987e-01    1.533914e-03
8.019911e-01    8.263750e-01    1.458562e-03
8.521156e-01    8.436816e-01    1.463292e-03
9.022400e-01    8.379380e-01    1.383515e-03
9.523644e-01    8.577846e-01    1.363941e-03
1.002489e+00    8.947717e-01    1.423621e-03
1.052613e+00    8.655925e-01    1.447110e-03
1.102738e+00    8.423574e-01    1.537189e-03
1.152862e+00    7.981806e-01    1.450529e-03
1.202987e+00    7.818735e-01    1.551931e-03
1.253111e+00    7.698092e-01    1.661801e-03
1.303236e+00    7.089951e-01    1.685988e-03
1.353360e+00    6.604761e-01    1.605902e-03
1.403484e+00    6.035271e-01    1.719734e-03
1.453609e+00    5.157311e-01    1.621817e-03
1.503733e+00    4.848783e-01    1.672830e-03
1.553858e+00    4.216096e-01    1.565314e-03
1.603982e+00    3.558584e-01    1.516607e-03
1.654107e+00    3.070107e-01    1.408158e-03
1.704231e+00    2.673863e-01    1.309772e-03
1.754356e+00    2.114459e-01    1.207245e-03
1.804480e+00    1.661066e-01    1.044502e-03
1.854604e+00    1.356172e-01    9.743383e-04
1.904729e+00    1.076127e-01    8.514296e-04
1.954853e+00    9.123454e-02    7.876004e-04
2.004978e+00    6.244315e-02    6.440093e-04
2.055102e+00    4.690207e-02    5.118704e-04
2.105227e+00    3.348968e-02    4.243455e-04
2.155351e+00    2.785865e-02    3.756874e-04
2.205476e+00    1.456785e-02    2.558870e-04
2.255600e+00    1.479443e-02    2.312655e-04
2.305724e+00    9.912914e-03    2.086734e-04
2.355849e+00    5.428569e-03    1.219115e-04
2.405973e+00    2.658345e-03    1.125668e-04
2.456098e+00    2.376587e-03    1.000530e-04
2.506222e+00    1.484527e-03    4.721780e-05
2.556347e+00    4.634414e-04    2.111080e-05
2.606471e+00    4.340088e-04    2.057500e-05
2.656596e+00    1.373117e-04    1.197729e-05
2.706720e+00    5.171561e-05    5.345080e-06
2.756844e+00    3.386043e-05    2.446635e-06
2.806969e+00    5.774587e-06    5.449846e-07
2.857093e+00    3.110908e-06    4.170368e-07
2.907218e+00    1.143158e-05    1.078476e-06
2.957342e+00    2.394790e-09    5.986478e-10
3.007467e+00    7.483723e-06    1.870775e-06
3.157840e+00    9.372072e-07    9.372022e-07
3.258089e+00    2.999064e-05    2.999047e-05
