4.970759e-02    2.043209e-02    1.709957e-04
9.941519e-02    5.989876e-02    3.964920e-04
1.491228e-01    1.014167e-01    6.570916e-04
1.988304e-01    1.512955e-01    9.645176e-04
2.485380e-01    2.011129e-01    1.185321e-03
2.982456e-01    2.444803e-01    1.286488e-03
3.479532e-01    3.203412e-01    1.582187e-03
3.976608e-01    3.514790e-01    1.579087e-03
4.473683e-01    4.167112e-01    1.668771e-03
4.970759e-01    4.726004e-01    1.750665e-03
5.467835e-01    5.678008e-01    1.853278e-03
5.964911e-01    6.303924e-01    1.879679e-03
6.461987e-01    6.962933e-01    1.844081e-03
6.959063e-01    7.582297e-01    1.880464e-03
7.456139e-01    7.965083e-01    1.705317e-03
7.953215e-01    8.419925e-01    1.686795e-03
8.450291e-01    8.975193e-01    1.699153e-03
8.947367e-01    9.445923e-01    1.696665e-03
9.444443e-01    9.722395e-01    1.648596e-03
9.941519e-01    9.596367e-01    1.592445e-03
1.043859e+00    9.943257e-01    1.725165e-03
1.093567e+00    9.266912e-01    1.616233e-03
1.143275e+00    9.126056e-01    1.691590e-03
1.192982e+00    9.005088e-01    1.823462e-03
1.242690e+00    8.500618e-01    1.861068e-03
1.292397e+00    7.844803e-01    1.904490e-03
1.342105e+00    7.499908e-01    2.006356e-03
1.391813e+00    6.596748e-01    1.960331e-03
1.441520e+00    5.854866e-01    1.942466e-03
1.491228e+00    4.758220e-01    1.774756e-03
1.540935e+00    4.029916e-01    1.683510e-03
1.590643e+00    3.476152e-01    1.570636e-03
1.640351e+00    2.934953e-01    1.488737e-03
1.690058e+00    2.123095e-01    1.223719e-03
1.739766e+00    1.799705e-01    1.152326e-03
1.789473e+00    1.350442e-01    1.029929e-03
1.839181e+00    1.096072e-01    8.785548e-04
1.888889e+00    6.870317e-02    6.548747e-04
1.938596e+00    4.719550e-02    5.214918e-04
1.988304e+00    2.621954e-02    3.563319e-04
2.038011e+00    1.941607e-02    3.146780e-04
2.087719e+00    1.272236e-02    2.258223e-04
2.137427e+00    7.244119e-03    1.833823e-04
2.187134e+00    5.490274e-03    1.455868e-04
2.236842e+00    2.012780e-03    6.117322e-05
2.286549e+00    1.501479e-03    9.827897e-05
2.336257e+00    4.951902e-04    3.282626e-05
2.385965e+00    5.673301e-04    4.866988e-05
2.435672e+00    1.780638e-04    1.744694e-05
2.485380e+00    7.795598e-05    8.904752e-06
2.535087e+00    1.018553e-04    2.287936e-05
2.584795e+00    2.194593e-05    9.656853e-06
2.634502e+00    8.896081e-06    2.990063e-06
2.684210e+00    3.182282e-05    1.804415e-05
2.733918e+00    5.473404e-06    2.273721e-06
2.783625e+00    7.173275e-09    1.288160e-09
2.833333e+00    8.295033e-10    8.294993e-10
2.883040e+00    1.657451e-10    7.412162e-11
2.932748e+00    2.162122e-06    5.095717e-07
2.982456e+00    3.624846e-07    1.621040e-07
