5.317470e-02    3.056000e-02    1.342444e-04
1.063494e-01    9.966666e-02    3.966820e-04
1.595241e-01    1.501933e-01    5.624919e-04
2.126988e-01    2.499730e-01    8.819955e-04
2.658735e-01    3.248945e-01    1.094273e-03
3.190482e-01    3.542635e-01    1.121409e-03
3.722229e-01    4.223057e-01    1.252717e-03
4.253976e-01    4.618184e-01    1.348107e-03
4.785723e-01    5.546143e-01    1.441386e-03
5.317470e-01    6.082553e-01    1.499715e-03
5.849217e-01    6.278543e-01    1.391636e-03
6.380964e-01    6.815502e-01    1.286069e-03
6.912711e-01    7.684456e-01    1.365144e-03
7.444458e-01    7.547544e-01    1.222438e-03
7.976205e-01    8.166750e-01    1.115746e-03
8.507952e-01    8.505903e-01    9.576770e-04
9.039699e-01    8.371556e-01    9.486221e-04
9.571446e-01    8.456924e-01    8.709890e-04
1.010319e+00    8.388652e-01    7.949761e-04
1.063494e+00    8.256981e-01    9.070508e-04
1.116669e+00    7.978262e-01    9.187639e-04
1.169843e+00    7.882072e-01    1.036032e-03
1.223018e+00    7.338905e-01    1.065513e-03
1.276193e+00    7.040094e-01    1.190039e-03
1.329368e+00    6.581563e-01    1.256969e-03
1.382542e+00    5.653062e-01    1.184027e-03
1.435717e+00    5.334868e-01    1.229355e-03
1.488892e+00    4.760737e-01    1.251875e-03
1.542066e+00    4.182455e-01    1.260508e-03
1.595241e+00    3.701619e-01    1.182696e-03
1.648416e+00    3.232084e-01    1.105644e-03
1.701590e+00    2.651811e-01    1.075756e-03
1.754765e+00    2.172487e-01    9.856910e-04
1.807940e+00    1.832704e-01    8.841457e-04
1.861115e+00    1.581752e-01    8.206979e-04
1.914289e+00    1.284502e-01    7.240467e-04
1.967464e+00    1.097664e-01    6.834131e-04
2.020639e+00    6.977126e-02    5.002916e-04
2.073813e+00    5.447395e-02    4.405314e-04
2.126988e+00    4.464800e-02    3.740497e-04
2.180163e+00    3.134877e-02    2.944360e-04
2.233338e+00    2.392299e-02    2.519968e-04
2.286512e+00    1.411579e-02    1.846233e-04
2.339687e+00    9.761936e-03    1.457549e-04
2.392862e+00    8.118374e-03    1.341980e-04
2.446036e+00    6.015477e-03    9.697924e-05
2.499211e+00    3.050461e-03    6.055610e-05
2.552386e+00    2.373809e-03    5.365680e-05
2.605560e+00    1.240168e-03    5.745626e-05
2.658735e+00    8.730189e-04    3.187120e-05
2.711910e+00    8.309619e-04    2.949757e-05
2.765085e+00    3.288936e-04    2.361892e-05
2.818259e+00    3.205756e-04    2.678522e-05
2.871434e+00    8.385893e-05    6.378895e-06
2.924609e+00    6.015930e-05    1.766278e-05
2.977783e+00    3.674982e-05    4.347222e-06
3.030958e+00    6.227208e-06    1.032446e-06
3.084133e+00    4.181945e-05    7.752056e-06
3.137307e+00    1.236278e-05    3.204253e-06
3.190482e+00    4.961493e-07    7.528134e-08
3.243657e+00    9.265829e-07    1.385621e-07
3.296832e+00    2.555547e-06    7.570259e-07
3.350006e+00    5.173162e-07    1.058349e-07
3.403181e+00    2.233816e-10    2.233803e-10
3.509530e+00    5.201190e-06    1.568118e-06
