4.869968e-02    2.824492e-02    2.096194e-04
9.739936e-02    8.878741e-02    5.793876e-04
1.460990e-01    1.583244e-01    9.779827e-04
1.947987e-01    2.144286e-01    1.306172e-03
2.434984e-01    2.757709e-01    1.566813e-03
2.921981e-01    3.412102e-01    1.813280e-03
3.408978e-01    3.974975e-01    1.787855e-03
3.895974e-01    4.504973e-01    1.886998e-03
4.382971e-01    5.112845e-01    2.024526e-03
4.869968e-01    5.833581e-01    2.035766e-03
5.356965e-01    6.468058e-01    2.000987e-03
5.843962e-01    6.906042e-01    1.987704e-03
6.330958e-01    7.479893e-01    1.972442e-03
6.817955e-01    7.766803e-01    1.916606e-03
7.304952e-01    7.975662e-01    1.828270e-03
7.791949e-01    8.293558e-01    1.897686e-03
8.278946e-01    8.099696e-01    1.726034e-03
8.765942e-01    8.475331e-01    1.785204e-03
9.252939e-01    8.535127e-01    1.775889e-03
9.739936e-01    8.219932e-01    1.751046e-03
1.022693e+00    8.480135e-01    1.893285e-03
1.071393e+00    7.896457e-01    1.781217e-03
1.120093e+00    7.732122e-01    1.856960e-03
1.168792e+00    7.443088e-01    1.859361e-03
1.217492e+00    7.068121e-01    1.869105e-03
1.266192e+00    6.532687e-01    1.876919e-03
1.314891e+00    5.932848e-01    1.849108e-03
1.363591e+00    5.638185e-01    1.838628e-03
1.412291e+00    4.793932e-01    1.676736e-03
1.460990e+00    4.387064e-01    1.646196e-03
1.509690e+00    4.055519e-01    1.621351e-03
1.558390e+00    3.613086e-01    1.590974e-03
1.607089e+00    3.260339e-01    1.577752e-03
1.655789e+00    2.715402e-01    1.376921e-03
1.704489e+00    2.423161e-01    1.373063e-03
1.753188e+00    2.150867e-01    1.321961e-03
1.801888e+00    1.849710e-01    1.215404e-03
1.850588e+00    1.633692e-01    1.118294e-03
1.899288e+00    1.282547e-01    9.777999e-04
1.947987e+00    1.173319e-01    9.907597e-04
1.996687e+00    1.051034e-01    9.391237e-04
2.045387e+00    9.588939e-02    9.399315e-04
2.094086e+00    8.668047e-02    9.387852e-04
2.142786e+00    6.954159e-02    8.056186e-04
2.191486e+00    5.883294e-02    7.654338e-04
2.240185e+00    5.127348e-02    7.181721e-04
2.288885e+00    4.252404e-02    6.469403e-04
2.337585e+00    3.791069e-02    6.581680e-04
2.386284e+00    2.901844e-02    5.357249e-04
2.434984e+00    2.811346e-02    5.855537e-04
2.483684e+00    1.677522e-02    4.214233e-04
2.532383e+00    1.416309e-02    3.447674e-04
2.581083e+00    7.256241e-03    2.488868e-04
2.629783e+00    3.562993e-03    1.383815e-04
2.678482e+00    2.810231e-03    1.472797e-04
2.727182e+00    2.450981e-03    1.452187e-04
2.775882e+00    2.019520e-03    1.378977e-04
2.824581e+00    8.111476e-04    4.754868e-05
2.873281e+00    1.296332e-03    1.510593e-04
2.921981e+00    1.650741e-04    3.020184e-05
2.970680e+00    1.257422e-05    4.177290e-06
3.019380e+00    4.889014e-06    7.982219e-07
3.068080e+00    1.237822e-04    5.107981e-05
3.116780e+00    2.304584e-07    5.965976e-08
3.165479e+00    1.115396e-06    2.668143e-07
3.214179e+00    3.226789e-05    3.226773e-05
