4.992858e-02    3.058188e-02    1.539013e-04
9.985715e-02    9.689560e-02    4.879070e-04
1.497857e-01    1.343818e-01    6.441422e-04
1.997143e-01    1.980543e-01    9.017524e-04
2.496429e-01    2.654119e-01    1.159804e-03
2.995715e-01    3.148640e-01    1.257895e-03
3.495000e-01    3.773466e-01    1.381606e-03
3.994286e-01    4.297265e-01    1.496799e-03
4.493572e-01    4.834157e-01    1.572129e-03
4.992858e-01    5.280749e-01    1.537794e-03
5.492143e-01    6.054921e-01    1.632970e-03
5.991429e-01    6.514919e-01    1.613860e-03
6.490715e-01    6.822775e-01    1.478548e-03
6.990001e-01    7.338743e-01    1.503016e-03
7.489286e-01    7.658746e-01    1.349679e-03
7.988572e-01    7.898246e-01    1.277166e-03
8.487858e-01    8.265211e-01    1.202724e-03
8.987144e-01    8.604660e-01    1.170777e-03
9.486429e-01    8.763706e-01    1.198423e-03
9.985715e-01    8.894177e-01    1.191762e-03
1.048500e+00    8.699800e-01    1.170743e-03
1.098429e+00    8.496516e-01    1.217683e-03
1.148357e+00    8.363939e-01    1.307198e-03
1.198286e+00    8.071956e-01    1.320982e-03
1.248214e+00    7.610419e-01    1.452640e-03
1.298143e+00    7.399070e-01    1.489982e-03
1.348072e+00    6.618655e-01    1.524016e-03
1.398000e+00    6.213497e-01    1.537867e-03
1.447929e+00    5.505498e-01    1.566257e-03
1.497857e+00    4.837530e-01    1.464699e-03
1.547786e+00    4.376813e-01    1.493603e-03
1.597714e+00    3.654195e-01    1.404356e-03
1.647643e+00    3.133662e-01    1.351766e-03
1.697572e+00    2.671234e-01    1.266976e-03
1.747500e+00    2.197624e-01    1.108608e-03
1.797429e+00    1.744176e-01    9.746322e-04
1.847357e+00    1.406598e-01    8.819534e-04
1.897286e+00    1.095053e-01    7.366379e-04
1.947214e+00    8.636664e-02    6.374660e-04
1.997143e+00    5.582166e-02    5.042107e-04
2.047072e+00    4.375187e-02    4.245780e-04
2.097000e+00    2.768184e-02    3.192438e-04
2.146929e+00    2.154374e-02    2.880938e-04
2.196857e+00    1.491643e-02    2.089443e-04
2.246786e+00    1.101946e-02    1.712727e-04
2.296714e+00    7.486598e-03    1.359410e-04
2.346643e+00    3.139193e-03    7.662904e-05
2.396572e+00    2.641333e-03    7.148200e-05
2.446500e+00    1.684022e-03    4.855790e-05
2.496429e+00    1.337596e-03    4.354698e-05
2.546357e+00    3.379751e-04    1.870169e-05
2.596286e+00    3.381208e-04    1.688700e-05
2.646215e+00    2.643500e-04    1.726961e-05
2.696143e+00    1.658359e-04    6.823966e-06
2.746072e+00    5.634705e-05    4.670244e-06
2.796000e+00    1.409217e-05    1.535107e-06
2.845929e+00    2.585417e-05    2.220759e-06
2.895857e+00    1.884237e-05    2.208692e-06
2.945786e+00    4.171678e-06    4.360748e-07
2.995715e+00    1.556102e-06    2.798804e-07
3.095572e+00    4.516244e-06    5.163414e-07
3.145500e+00    1.089222e-07    2.435313e-08
3.195429e+00    1.206365e-06    1.641180e-07
3.295286e+00    4.517707e-08    4.517684e-08
